22158
123282
77895
52093
86621
54558
70521
71279
55247
39237
52305
83153
36568
60318
27963
25312
52273
33377
110439
22531
83730
21573
95807
12614
91807
25403
13298
43243
7087
22426
40101
12181
24777
16578
12982
34697
100421
51242
14117
183294
17431
11362
52389
91807
11212
44692
24722
9335
18837
97570
13796
24602
10081
14689
8323
33941
34985
16843
49047
15296
11838
50832
132534
18600
20470
12862
24019
53242
99314
21177
19559
8229
9201
61437
11597
7966
5857
12212
12527
22158
16532
13212
11550
20305
39429
31226
47028
72259
12463
22625
17135
41933
9716
19567
10938
11102
18098
16138
63544
15888
